(0.742857	0.	0.104762	0.	0.257143	0.	-0.0536111	0.	-0.0309524	0.	0.	0.	0.	0.
0.	0.742857	0.	0.104762	0.	0.257143	0.	-0.0536111	0.	-0.0309524	0.	0.	0.	0.
0.104762	0.	0.0190476	0.	0.0619048	0.	-0.0123718	0.	-0.00714286	0.	0.	0.	0.	0.
0.	0.104762	0.	0.0190476	0.	0.0619048	0.	-0.0123718	0.	-0.00714286	0.	0.	0.	0.
0.257143	0.	0.0619048	0.	1.48571	0.	-0.0383455	0.	0.0383455	0.	0.257143	0.	-0.0619048	0.
0.	0.257143	0.	0.0619048	0.	1.48571	0.	-0.0383455	0.	0.0383455	0.	0.257143	0.	-0.0619048
-0.0536111	0.	-0.0123718	0.	-0.0383455	0.	0.0190476	0.	0.0164957	0.	0.0309524	0.	-0.00714286	0.
0.	-0.0536111	0.	-0.0123718	0.	-0.0383455	0.	0.0190476	0.	0.0164957	0.	0.0309524	0.	-0.00714286
-0.0309524	0.	-0.00714286	0.	0.0383455	0.	0.0164957	0.	0.0190476	0.	0.0536111	0.	-0.0123718	0.
0.	-0.0309524	0.	-0.00714286	0.	0.0383455	0.	0.0164957	0.	0.0190476	0.	0.0536111	0.	-0.0123718
0.	0.	0.	0.	0.257143	0.	0.0309524	0.	0.0536111	0.	0.742857	0.	-0.104762	0.
0.	0.	0.	0.	0.	0.257143	0.	0.0309524	0.	0.0536111	0.	0.742857	0.	-0.104762
0.	0.	0.	0.	-0.0619048	0.	-0.00714286	0.	-0.0123718	0.	-0.104762	0.	0.0190476	0.
0.	0.	0.	0.	0.	-0.0619048	0.	-0.00714286	0.	-0.0123718	0.	-0.104762	0.	0.0190476

)

