8.000000000000000000e+00 0.000000000000000000e+00
6.128355544951824108e+00 5.142300877492314015e+00
1.389185421335443316e+00 7.878462024097664163e+00
-3.999999999999998224e+00 6.928203230275509661e+00
-7.517540966287266535e+00 2.736161146605351036e+00
-7.517540966287267423e+00 -2.736161146605349259e+00
-4.000000000000003553e+00 -6.928203230275506996e+00
1.389185421335439763e+00 -7.878462024097665051e+00
6.128355544951822331e+00 -5.142300877492316680e+00
8.000000000000000000e+00 -1.959434878635765131e-15
