1.984321312296009193e-03 1.805435797402381738e-03 0.000000000000000000e+00
1.882225712296009025e-03 2.653963797402381607e-03 0.000000000000000000e+00
1.623404212296009064e-03 2.619888797402381876e-03 0.000000000000000000e+00
1.623404212296009064e-03 2.619888797402381876e-03 -8.000000000000000167e-03
1.623404212296009064e-03 1.769888797402381815e-03 0.000000000000000000e+00
1.364582712296009102e-03 2.653963797402381607e-03 0.000000000000000000e+00
1.364582712296009102e-03 2.653963797402381607e-03 -8.000000000000000167e-03
2.123404112296009040e-03 2.753863597402381961e-03 0.000000000000000000e+00
1.882225712296009025e-03 2.653963797402381607e-03 -8.000000000000000167e-03
2.331368512296008895e-03 1.910711797402382022e-03 0.000000000000000000e+00
2.330509012296008969e-03 2.912780297402381598e-03 0.000000000000000000e+00
2.123404112296009040e-03 2.753863597402381961e-03 -8.000000000000000167e-03
2.489429612296009068e-03 3.119888797402381887e-03 0.000000000000000000e+00
2.330509012296008969e-03 2.912780297402381598e-03 -8.000000000000000167e-03
2.651209212296009188e-03 2.081669797402381939e-03 0.000000000000000000e+00
2.589330612296008964e-03 3.361072297402381906e-03 0.000000000000000000e+00
2.489429612296009068e-03 3.119888797402381887e-03 -8.000000000000000167e-03
2.623404012296009016e-03 3.619888797402381897e-03 0.000000000000000000e+00
2.589330612296008964e-03 3.361072297402381906e-03 -8.000000000000000167e-03
2.651209212296009188e-03 5.158107797402382289e-03 0.000000000000000000e+00
2.589330612296008964e-03 3.878705297402381888e-03 0.000000000000000000e+00
2.623404012296009016e-03 3.619888797402381897e-03 -8.000000000000000167e-03
2.331368512296008895e-03 5.329065797402381989e-03 0.000000000000000000e+00
2.489429612296009068e-03 4.119888797402382341e-03 0.000000000000000000e+00
2.589330612296008964e-03 3.878705297402381888e-03 -8.000000000000000167e-03
2.330509012296008969e-03 4.326997297402382196e-03 0.000000000000000000e+00
2.489429612296009068e-03 4.119888797402382341e-03 -8.000000000000000167e-03
1.984321312296009193e-03 5.434341797402382490e-03 0.000000000000000000e+00
2.123404112296009040e-03 4.485913997402382267e-03 0.000000000000000000e+00
2.330509012296008969e-03 4.326997297402382196e-03 -8.000000000000000167e-03
1.882225712296009025e-03 4.585813797402382187e-03 0.000000000000000000e+00
2.123404112296009040e-03 4.485913997402382267e-03 -8.000000000000000167e-03
1.623404212296009064e-03 5.469888797402381979e-03 0.000000000000000000e+00
1.623404212296009064e-03 4.619888797402381918e-03 0.000000000000000000e+00
1.882225712296009025e-03 4.585813797402382187e-03 -8.000000000000000167e-03
1.262487112296008934e-03 5.434341797402382490e-03 0.000000000000000000e+00
1.364582712296009102e-03 4.585813797402382187e-03 0.000000000000000000e+00
1.623404212296009064e-03 4.619888797402381918e-03 -8.000000000000000167e-03
1.123404312296009087e-03 4.485913997402382267e-03 0.000000000000000000e+00
1.364582712296009102e-03 4.585813797402382187e-03 -8.000000000000000167e-03
9.154399122960090156e-04 5.329065797402381989e-03 0.000000000000000000e+00
9.162994122960090504e-04 4.326997297402382196e-03 0.000000000000000000e+00
1.123404312296009087e-03 4.485913997402382267e-03 -8.000000000000000167e-03
7.573788122960090595e-04 4.119888797402382341e-03 0.000000000000000000e+00
9.162994122960090504e-04 4.326997297402382196e-03 -8.000000000000000167e-03
5.955992122960089390e-04 5.158107797402382289e-03 0.000000000000000000e+00
6.574778122960090549e-04 3.878705297402381888e-03 0.000000000000000000e+00
7.573788122960090595e-04 4.119888797402382341e-03 -8.000000000000000167e-03
6.234044122960091111e-04 3.619888797402381897e-03 0.000000000000000000e+00
6.574778122960090549e-04 3.878705297402381888e-03 -8.000000000000000167e-03
5.955992122960089390e-04 2.081669797402381939e-03 0.000000000000000000e+00
6.574778122960090549e-04 3.361072297402381906e-03 0.000000000000000000e+00
6.234044122960091111e-04 3.619888797402381897e-03 -8.000000000000000167e-03
9.154399122960090156e-04 1.910711797402382022e-03 0.000000000000000000e+00
7.573788122960090595e-04 3.119888797402381887e-03 0.000000000000000000e+00
6.574778122960090549e-04 3.361072297402381906e-03 -8.000000000000000167e-03
9.162994122960090504e-04 2.912780297402381598e-03 0.000000000000000000e+00
7.573788122960090595e-04 3.119888797402381887e-03 -8.000000000000000167e-03
1.262487112296008934e-03 1.805435797402381738e-03 0.000000000000000000e+00
1.123404312296009087e-03 2.753863597402381961e-03 0.000000000000000000e+00
9.162994122960090504e-04 2.912780297402381598e-03 -8.000000000000000167e-03
1.123404312296009087e-03 2.753863597402381961e-03 -8.000000000000000167e-03
-1.910487877039910957e-04 3.258971697402381767e-03 0.000000000000000000e+00
-1.910487877039910957e-04 3.980805897402382026e-03 0.000000000000000000e+00
-2.265957877039910182e-04 3.619888797402381897e-03 0.000000000000000000e+00
-2.265957877039910182e-04 3.619888797402381897e-03 -2.999999999999999737e-04
-1.910467877039910643e-04 3.258966097402382026e-03 -1.800000000000000168e-03
-8.577278770399081147e-05 2.911924497402382066e-03 0.000000000000000000e+00
-8.577278770399081147e-05 4.327853097402381728e-03 0.000000000000000000e+00
-1.910487877039910957e-04 3.980805897402382026e-03 -2.999999999999999737e-04
8.518521229600910585e-05 2.592083797402381772e-03 0.000000000000000000e+00
8.518521229600910585e-05 4.647693797402381588e-03 0.000000000000000000e+00
-8.577278770399081147e-05 4.327853097402381728e-03 -2.999999999999999737e-04
3.152562122960089839e-04 2.311740797402381600e-03 0.000000000000000000e+00
3.152562122960089839e-04 4.928036797402382194e-03 0.000000000000000000e+00
8.518521229600910585e-05 4.647693797402381588e-03 -2.999999999999999737e-04
3.152562122960089839e-04 4.928036797402382194e-03 -2.999999999999999737e-04
5.955992122960089390e-04 5.158107797402382289e-03 -2.999999999999999737e-04
9.154399122960090156e-04 5.329065797402381989e-03 -2.999999999999999737e-04
1.262487112296008934e-03 5.434341797402382490e-03 -2.999999999999999737e-04
1.623404212296009064e-03 5.469888797402381979e-03 -2.999999999999999737e-04
1.984314512296009043e-03 5.434342797402381964e-03 -1.800000000000000168e-03
1.623404212296009064e-03 5.469888797402381979e-03 -1.800000000000000168e-03
2.331364412296009232e-03 5.329066797402382330e-03 -1.800000000000000168e-03
2.931552212296009360e-03 2.311740797402381600e-03 0.000000000000000000e+00
2.931552212296009360e-03 4.928036797402382194e-03 0.000000000000000000e+00
2.651210212296009096e-03 5.158105797402381607e-03 -1.800000000000000168e-03
3.161623212296009022e-03 2.592083797402381772e-03 0.000000000000000000e+00
3.161623212296009022e-03 4.647693797402381588e-03 0.000000000000000000e+00
2.931556212296008990e-03 4.928031797402382223e-03 -1.800000000000000168e-03
3.332581212296009156e-03 2.911924497402382066e-03 0.000000000000000000e+00
3.332581212296009156e-03 4.327853097402381728e-03 0.000000000000000000e+00
3.161625212296009270e-03 4.647690797402382300e-03 -1.800000000000000168e-03
3.437857212296009223e-03 3.258971697402381767e-03 0.000000000000000000e+00
3.437857212296009223e-03 3.980805897402382026e-03 0.000000000000000000e+00
3.332579212296009341e-03 4.327858597402381435e-03 -1.800000000000000168e-03
3.473404212296009146e-03 3.619888797402381897e-03 0.000000000000000000e+00
3.437855212296008975e-03 3.980811497402382201e-03 -1.800000000000000168e-03
3.473404212296009146e-03 3.619888797402381897e-03 -2.999999999999999737e-04
3.437857212296009223e-03 3.258971697402381767e-03 -2.999999999999999737e-04
3.332581212296009156e-03 2.911924497402382066e-03 -2.999999999999999737e-04
3.161623212296009022e-03 2.592083797402381772e-03 -2.999999999999999737e-04
2.931552212296009360e-03 2.311740797402381600e-03 -2.999999999999999737e-04
2.651209212296009188e-03 2.081669797402381939e-03 -2.999999999999999737e-04
2.331368512296008895e-03 1.910711797402382022e-03 -2.999999999999999737e-04
1.984321312296009193e-03 1.805435797402381738e-03 -2.999999999999999737e-04
1.623404212296009064e-03 1.769888797402381815e-03 -2.999999999999999737e-04
1.262493912296009085e-03 1.805434797402381830e-03 -1.800000000000000168e-03
1.623404212296009064e-03 1.769888797402381815e-03 -1.800000000000000168e-03
9.154440122960090043e-04 1.910710797402381681e-03 -1.800000000000000168e-03
5.955982122960090316e-04 2.081671797402382187e-03 -1.800000000000000168e-03
3.152522122960091377e-04 2.311745797402381571e-03 -1.800000000000000168e-03
8.518321229600907436e-05 2.592086797402381494e-03 -1.800000000000000168e-03
-8.577078770399099682e-05 2.911918997402381925e-03 -1.800000000000000168e-03
2.958278212296008847e-03 2.650037697402381990e-03 -8.000000000000000167e-03
2.885302122960090639e-04 2.650037697402381990e-03 -8.000000000000000167e-03
2.727472212296009214e-03 2.393702797402382128e-03 -8.000000000000000167e-03
3.130753212296008905e-03 2.948772497402381981e-03 -8.000000000000000167e-03
3.237349212296009374e-03 3.276841097402382122e-03 -8.000000000000000167e-03
3.273404212296009055e-03 3.619888797402381897e-03 -8.000000000000000167e-03
3.237349212296009374e-03 3.962936497402381672e-03 -8.000000000000000167e-03
3.130753212296008905e-03 4.291005097402381813e-03 -8.000000000000000167e-03
2.958278212296008847e-03 4.589739897402382238e-03 -8.000000000000000167e-03
2.885302122960090639e-04 4.589739897402382238e-03 -8.000000000000000167e-03
5.193362122960089138e-04 4.846074797402381666e-03 -8.000000000000000167e-03
1.160552122960090051e-04 4.291005097402381813e-03 -8.000000000000000167e-03
9.459212296008970636e-06 3.962936497402381672e-03 -8.000000000000000167e-03
-2.659578770399092726e-05 3.619888797402381897e-03 -8.000000000000000167e-03
9.459212296008970636e-06 3.276841097402382122e-03 -8.000000000000000167e-03
1.160552122960090051e-04 2.948772497402381981e-03 -8.000000000000000167e-03
7.081810122960090475e-04 2.416697974023818835e-04 -4.000000000000000083e-03
3.394622122960091245e-04 3.638957974023819021e-04 -5.999999999999999474e-04
3.394622122960091245e-04 3.638957974023819021e-04 -4.000000000000000083e-03
1.734032122960090395e-04 3.984517974023821588e-04 -5.999999999999999474e-04
-1.453677877039909888e-04 2.976917974023816395e-04 -4.000000000000000083e-03
5.346212296008937340e-06 3.755037974023820932e-04 -4.000000000000000083e-03
1.734032122960090395e-04 3.984517974023821588e-04 -4.000000000000000083e-03
8.384210122960090474e-04 2.090527974023814739e-04 -5.999999999999999474e-04
-8.222178770399095338e-05 1.019888797402381583e-03 -5.999999999999999474e-04
1.088158012296008923e-03 1.610577974023820122e-04 -4.000000000000000083e-03
1.354861512296008956e-03 1.302067974023814363e-04 -5.999999999999999474e-04
1.594226862296009139e-03 1.200107974023817935e-04 -7.000000000000000146e-03
1.877280312296008983e-03 1.291087974023817121e-04 -5.999999999999999474e-04
1.623404212296009064e-03 1.019888797402381583e-03 -5.999999999999999474e-04
2.100902712296009046e-03 1.526147974023816731e-04 -7.000000000000000146e-03
2.394041612296008998e-03 2.057837974023817192e-04 -5.999999999999999474e-04
2.068408412296009278e-03 1.058254797402381764e-03 -5.999999999999999474e-04
2.597526712296009243e-03 2.581807974023817530e-04 -7.000000000000000146e-03
2.893636212296009109e-03 3.585227974023815455e-04 -5.999999999999999474e-04
2.500279712296008851e-03 1.172218797402382016e-03 -5.999999999999999474e-04
3.073652212296009399e-03 4.344877974023818659e-04 -7.000000000000000146e-03
3.364935212296009219e-03 5.839257974023814336e-04 -5.999999999999999474e-04
2.906272212296009006e-03 1.358418797402381663e-03 -5.999999999999999474e-04
3.519262212296009329e-03 6.778277974023821754e-04 -7.000000000000000146e-03
3.797438212296009100e-03 8.769757974023818618e-04 -5.999999999999999474e-04
3.593814212296009194e-03 1.923573797402381791e-03 -5.999999999999999474e-04
3.274406212296009436e-03 1.611358797402381773e-03 -5.999999999999999474e-04
3.924982212296009368e-03 9.830837974023820189e-04 -7.000000000000000146e-03
4.181499212296008877e-03 1.231133797402381679e-03 -5.999999999999999474e-04
3.855073212296009424e-03 2.285851797402382174e-03 -5.999999999999999474e-04
4.282270212296009244e-03 1.343832797402381637e-03 -7.000000000000000146e-03
4.508561212296009237e-03 1.638508797402381863e-03 -5.999999999999999474e-04
4.222730212296008957e-03 3.560677797402381911e-03 -5.999999999999999474e-04
4.174240212296008966e-03 3.116662697402382016e-03 -5.999999999999999474e-04
4.050470212296009356e-03 2.687498797402381942e-03 -5.999999999999999474e-04
4.524976212296008896e-03 5.577150797402381441e-03 -5.999999999999999474e-04
4.771342212296008495e-03 2.090024797402382194e-03 -5.999999999999999474e-04
4.583599212296009598e-03 1.752472797402381899e-03 -7.000000000000000146e-03
4.201323212296008761e-03 5.987235797402382445e-03 -5.999999999999999474e-04
4.783984212296008703e-03 5.123461797402382133e-03 -5.999999999999999474e-04
4.963989212296009146e-03 2.575624797402381854e-03 -5.999999999999999474e-04
4.822632212296009205e-03 2.200403797402382053e-03 -7.000000000000000146e-03
4.972577212296009491e-03 4.636271797402381940e-03 -5.999999999999999474e-04
5.082212212296008912e-03 3.084494297402381926e-03 -5.999999999999999474e-04
4.994342212296009470e-03 2.678203697402382032e-03 -7.000000000000000146e-03
5.086555212296008446e-03 4.126432697402381694e-03 -5.999999999999999474e-04
5.123374212296008881e-03 3.605299257402381705e-03 -5.999999999999999474e-04
5.095119212296009281e-03 3.175821997402381719e-03 -7.000000000000000146e-03
5.122839212296009456e-03 3.682791177402381776e-03 -7.000000000000000146e-03
5.076916212296009659e-03 4.188445497402382145e-03 -7.000000000000000146e-03
4.958317212296009177e-03 4.682129797402382124e-03 -7.000000000000000146e-03
4.769540212296008962e-03 5.153454797402381993e-03 -7.000000000000000146e-03
4.514560212296009692e-03 5.592504797402381850e-03 -7.000000000000000146e-03
3.828724212296009261e-03 6.337711797402382184e-03 -7.000000000000000146e-03
3.820231212296008785e-03 6.344581797402382151e-03 -5.999999999999999474e-04
4.194508212296009335e-03 4.006440297402382236e-03 -5.999999999999999474e-04
4.198740212296009182e-03 5.990044797402381896e-03 -7.000000000000000146e-03
3.412293212296009168e-03 6.628189797402381581e-03 -3.299999999999999982e-03
3.390187212296009132e-03 6.641225797402381704e-03 -5.999999999999999474e-04
3.669012212296009039e-03 5.224720797402382377e-03 -5.999999999999999474e-04
3.412293212296009168e-03 6.628189797402381581e-03 -7.000000000000000146e-03
3.913503212296009365e-03 4.850922797402381671e-03 -5.999999999999999474e-04
4.090409212296008609e-03 4.440794897402382084e-03 -5.999999999999999474e-04
2.993952212296009142e-03 6.840384797402381672e-03 -3.299999999999999982e-03
2.920782212296009137e-03 6.870551797402381887e-03 -5.999999999999999474e-04
3.364152212296009359e-03 5.551156797402381771e-03 -5.999999999999999474e-04
2.551014712296008954e-03 6.994727797402382034e-03 -3.299999999999999982e-03
2.422478012296008874e-03 7.027450797402382161e-03 -5.999999999999999474e-04
2.610825112296009075e-03 6.025091797402381752e-03 -5.999999999999999474e-04
3.007918212296008947e-03 5.820597797402382242e-03 -5.999999999999999474e-04
2.091418512296008836e-03 7.088456797402381895e-03 -3.299999999999999982e-03
1.906375012296009129e-03 7.108430797402381755e-03 -5.999999999999999474e-04
2.184591112296008913e-03 6.158602797402381972e-03 -5.999999999999999474e-04
1.623404212296009064e-03 7.119888797402381536e-03 -3.299999999999999982e-03
1.383967912296008972e-03 7.111688797402381662e-03 -5.999999999999999474e-04
1.741795512296008975e-03 6.217191797402382356e-03 -5.999999999999999474e-04
1.163277312296009036e-03 7.089510797402382228e-03 -5.799999999999999600e-03
8.668921122960090465e-04 7.037151797402382142e-03 -5.999999999999999474e-04
1.295505912296009100e-03 6.199129797402382243e-03 -5.999999999999999474e-04
7.111347122960090528e-04 6.998906797402382023e-03 -5.799999999999999600e-03
3.666642122960091666e-04 6.886477797402382195e-03 -5.999999999999999474e-04
8.588932122960090104e-04 6.104948797402381770e-03 -5.999999999999999474e-04
2.748272122960091716e-04 6.849646797402382005e-03 -5.799999999999999600e-03
-1.055677877039909972e-04 6.663020797402382372e-03 -5.999999999999999474e-04
6.557421229600899834e-05 5.701513797402382039e-03 -5.999999999999999474e-04
4.448432122960090020e-04 5.937428797402381775e-03 -5.999999999999999474e-04
-5.203877877039907694e-04 6.386502797402382470e-03 -5.799999999999999600e-03
-5.392717877039905974e-04 6.371765797402381692e-03 -5.999999999999999474e-04
-2.677207877039909471e-04 5.404166797402382150e-03 -5.999999999999999474e-04
-1.380697877039910055e-04 6.644323797402382561e-03 -5.799999999999999600e-03
-8.654847877039907079e-04 6.080667797402381641e-03 -5.799999999999999600e-03
-9.247877877039908413e-04 6.019203797402381852e-03 -5.999999999999999474e-04
-5.452037877039907568e-04 5.054161797402381695e-03 -5.999999999999999474e-04
-1.189284787703991098e-03 5.702861797402382013e-03 -7.000000000000000146e-03
-1.253530787703991106e-03 5.613188797402381830e-03 -5.999999999999999474e-04
-9.705287877039910256e-04 3.797398997402382046e-03 -5.999999999999999474e-04
-9.018717877039908459e-04 4.238745497402381796e-03 -5.999999999999999474e-04
-7.586877877039910865e-04 4.661828797402381777e-03 -5.999999999999999474e-04
-1.456233787703990930e-03 5.282965797402381682e-03 -7.000000000000000146e-03
-1.518177787703990905e-03 5.162762797402381532e-03 -5.999999999999999474e-04
-9.626347877039909823e-04 3.350813797402381767e-03 -5.999999999999999474e-04
-1.660940787703991083e-03 4.829464797402382298e-03 -7.000000000000000146e-03
-1.712833787703990987e-03 4.677958797402382261e-03 -5.999999999999999474e-04
-8.784217877039908993e-04 2.912169497402381912e-03 -5.999999999999999474e-04
-1.833161787703990828e-03 4.169572697402382233e-03 -5.000000000000000104e-03
-1.833161787703990828e-03 4.169572697402382233e-03 -5.999999999999999474e-04
-7.203747877039911977e-04 2.494411797402381736e-03 -5.999999999999999474e-04
-1.799272787703991208e-03 4.351515397402382079e-03 -7.000000000000000146e-03
-2.214773787703991186e-03 1.769888797402381815e-03 -1.800000000000000168e-03
-2.214773787703991186e-03 1.769888797402381815e-03 -5.999999999999999474e-04
-4.931587877039910611e-04 2.109867797402381617e-03 -5.999999999999999474e-04
-1.868433787703991083e-03 3.858772097402382063e-03 -7.000000000000000146e-03
-1.875671787703991206e-03 3.700306467402381984e-03 -5.000000000000000104e-03
-3.431322787703991115e-03 -5.880111202597617867e-03 -5.000000000000000104e-03
-1.867021787703990968e-03 3.361191397402381754e-03 -7.000000000000000146e-03
-1.854764787703990642e-03 3.229582797402381911e-03 -5.000000000000000104e-03
-1.785436787703990631e-03 -5.880111202597617867e-03 -5.000000000000000104e-03
-1.795065787703991212e-03 2.868846997402382023e-03 -7.000000000000000146e-03
-1.770818787703991402e-03 2.765926797402382120e-03 -5.000000000000000104e-03
-1.415172787703991141e-03 -4.380111202597618270e-03 -5.000000000000000104e-03
-1.654021787703991320e-03 2.391687797402381951e-03 -7.000000000000000146e-03
-1.625347787703991086e-03 2.317732797402381837e-03 -5.000000000000000104e-03
-1.446740787703991189e-03 1.939351797402381937e-03 -7.000000000000000146e-03
-1.420998787703991149e-03 1.893156797402381977e-03 -5.000000000000000104e-03
-1.177410787703990838e-03 1.520976797402381810e-03 -7.000000000000000146e-03
-1.161475787703990931e-03 1.499879797402381941e-03 -5.000000000000000104e-03
-8.514697877039906736e-04 1.145014797402382160e-03 -7.000000000000000146e-03
-8.514697877039906736e-04 1.145014797402382160e-03 -5.000000000000000104e-03
-2.150737877039910970e-04 1.781410797402381736e-03 -5.000000000000000104e-03
1.561990572296009057e-03 1.020613797402382047e-03 -5.000000000000000104e-03
1.088158012296008923e-03 1.610577974023820122e-04 -5.000000000000000104e-03
2.009160112296009149e-03 1.048664797402381905e-03 -5.000000000000000104e-03
2.444878712296009223e-03 1.153073797402381657e-03 -5.000000000000000104e-03
-2.150737877039910970e-04 1.781410797402381736e-03 -7.000000000000000146e-03
-5.034187877039908443e-04 2.124353797402381804e-03 -7.000000000000000146e-03
-7.286037877039909863e-04 2.511711797402381777e-03 -7.000000000000000146e-03
-8.839417877039910769e-04 2.931983097402382152e-03 -7.000000000000000146e-03
-9.648167877039908608e-04 3.372685097402381999e-03 -7.000000000000000146e-03
-8.958517877039910357e-04 4.262809897402381788e-03 -7.000000000000000146e-03
-9.688267877039908986e-04 3.820729697402382077e-03 -7.000000000000000146e-03
-7.480597877039911470e-04 4.685795797402381516e-03 -7.000000000000000146e-03
-5.298397877039908409e-04 5.077125797402382013e-03 -7.000000000000000146e-03
-2.476737877039909136e-04 5.425176797402382275e-03 -7.000000000000000146e-03
-8.654847877039907079e-04 6.080667797402381641e-03 -7.000000000000000146e-03
9.005621229600914782e-05 5.719613797402382099e-03 -7.000000000000000146e-03
-7.086817877039910778e-04 6.287033797402382003e-03 -5.799999999999999600e-03
4.733212122960089689e-04 5.951692797402381718e-03 -7.000000000000000146e-03
8.907411122960089871e-04 6.114523797402382152e-03 -7.000000000000000146e-03
-7.086817877039910778e-04 6.287033797402382003e-03 -7.000000000000000146e-03
-6.101837877039912629e-04 6.526752797402382220e-03 -5.799999999999999600e-03
-5.765957877039910688e-04 6.783746797402382192e-03 -5.799999999999999600e-03
1.623404212296009064e-03 7.119888797402381536e-03 -5.799999999999999600e-03
1.623404212296009064e-03 8.469008797402382063e-03 -5.799999999999999600e-03
2.956651212296009142e-03 7.231991797402382086e-03 -3.299999999999999982e-03
2.923404212296009004e-03 7.487704797402381512e-03 -3.299999999999999982e-03
1.623404212296009064e-03 8.469008797402382063e-03 -3.299999999999999982e-03
3.054177212296009265e-03 6.993291797402382409e-03 -3.299999999999999982e-03
3.209497212296009289e-03 6.787464797402381969e-03 -3.299999999999999982e-03
3.209497212296009289e-03 6.787464797402381969e-03 -7.000000000000000146e-03
-6.101837877039912629e-04 6.526752797402382220e-03 -7.000000000000000146e-03
-5.765957877039910688e-04 6.783746797402382192e-03 -7.000000000000000146e-03
1.777821912296009095e-03 6.215298797402382149e-03 -7.000000000000000146e-03
3.041874212296008864e-03 5.798865797402382241e-03 -7.000000000000000146e-03
2.646701212296008899e-03 6.010047797402382104e-03 -7.000000000000000146e-03
2.221136812296008959e-03 6.150246797402381810e-03 -7.000000000000000146e-03
3.394922212296008768e-03 5.522970797402382281e-03 -7.000000000000000146e-03
3.934259212296009611e-03 4.811505797402381747e-03 -7.000000000000000146e-03
3.695357212296009140e-03 5.190559797402381943e-03 -7.000000000000000146e-03
4.104532212296009043e-03 4.397064997402382047e-03 -7.000000000000000146e-03
4.201122212296008740e-03 3.959546397402382255e-03 -7.000000000000000146e-03
4.221162212296009422e-03 3.511938897402382045e-03 -7.000000000000000146e-03
4.164055212296008737e-03 3.067537597402381858e-03 -7.000000000000000146e-03
4.031497212296009103e-03 2.639538997402381907e-03 -7.000000000000000146e-03
3.557898212296009208e-03 1.882727797402381810e-03 -7.000000000000000146e-03
3.827425212296009082e-03 2.240654797402381881e-03 -7.000000000000000146e-03
3.230921212296009211e-03 1.576390797402381968e-03 -7.000000000000000146e-03
2.856205212296009446e-03 1.330740797402381933e-03 -7.000000000000000146e-03
1.561990572296009057e-03 1.020613797402382047e-03 -7.000000000000000146e-03
2.009160112296009149e-03 1.048664797402381905e-03 -7.000000000000000146e-03
2.444878712296009223e-03 1.153073797402381657e-03 -7.000000000000000146e-03
1.088158012296008923e-03 1.610577974023820122e-04 -7.000000000000000146e-03
-1.415172787703991141e-03 -4.380111202597618270e-03 -4.000000000000000083e-03
-2.613977877039910282e-04 1.739707974023818257e-04 -4.000000000000000083e-03
-3.293877877039910057e-04 1.857879740238196908e-05 -4.000000000000000083e-03
-9.688267877039908986e-04 3.820729697402382077e-03 -5.000000000000000104e-03
9.459212296008970636e-06 3.962935797402381867e-03 -5.000000000000000104e-03
-2.659578770399092726e-05 3.619888797402381897e-03 -5.000000000000000104e-03
-9.648167877039908608e-04 3.372685097402381999e-03 -5.000000000000000104e-03
9.459212296008970636e-06 3.276841797402381927e-03 -5.000000000000000104e-03
-8.958517877039910357e-04 4.262809897402381788e-03 -5.000000000000000104e-03
1.160552122960090051e-04 4.291005497402381949e-03 -5.000000000000000104e-03
-7.480597877039911470e-04 4.685795797402381516e-03 -5.000000000000000104e-03
2.885362122960091584e-04 4.589747497402382227e-03 -5.000000000000000104e-03
5.193292122960091288e-04 4.846068797402382222e-03 -5.000000000000000104e-03
-5.298397877039908409e-04 5.077125797402382013e-03 -5.000000000000000104e-03
7.984059122960091058e-04 5.048831797402382124e-03 -5.000000000000000104e-03
1.113534812296008893e-03 5.189133797402382259e-03 -5.000000000000000104e-03
1.113529712296008889e-03 5.189132797402381918e-03 -8.000000000000000167e-03
7.983998122960090857e-04 5.048827797402381627e-03 -8.000000000000000167e-03
-2.476737877039909136e-04 5.425176797402382275e-03 -5.000000000000000104e-03
1.450925712296009112e-03 5.260849797402381706e-03 -5.000000000000000104e-03
1.795882712296009015e-03 5.260849797402381706e-03 -5.000000000000000104e-03
1.450938412296009106e-03 5.260850797402382047e-03 -8.000000000000000167e-03
3.695357212296009140e-03 5.190559797402381943e-03 -5.000000000000000104e-03
2.133273612296009234e-03 5.189133797402382259e-03 -5.000000000000000104e-03
1.795870012296009021e-03 5.260850797402382047e-03 -8.000000000000000167e-03
3.934259212296009611e-03 4.811505797402381747e-03 -5.000000000000000104e-03
2.448402512296009130e-03 5.048831797402382124e-03 -5.000000000000000104e-03
2.133278712296009239e-03 5.189132797402381918e-03 -8.000000000000000167e-03
2.727479212296008999e-03 4.846068797402382222e-03 -5.000000000000000104e-03
2.448408612296009042e-03 5.048827797402381627e-03 -8.000000000000000167e-03
2.958272212296008969e-03 4.589747497402382227e-03 -5.000000000000000104e-03
2.727472212296009214e-03 4.846074797402381666e-03 -8.000000000000000167e-03
4.104532212296009043e-03 4.397064997402382047e-03 -5.000000000000000104e-03
3.130753212296008905e-03 4.291005497402381949e-03 -5.000000000000000104e-03
4.201122212296008740e-03 3.959546397402382255e-03 -5.000000000000000104e-03
3.237349212296009374e-03 3.962935797402381867e-03 -5.000000000000000104e-03
3.273404212296009055e-03 3.619888797402381897e-03 -5.000000000000000104e-03
4.221162212296009422e-03 3.511938897402382045e-03 -5.000000000000000104e-03
3.237349212296009374e-03 3.276841797402381927e-03 -5.000000000000000104e-03
4.164055212296008737e-03 3.067537597402381858e-03 -5.000000000000000104e-03
3.130753212296008905e-03 2.948772097402381845e-03 -5.000000000000000104e-03
4.031497212296009103e-03 2.639538997402381907e-03 -5.000000000000000104e-03
2.958272212296008969e-03 2.650030097402382000e-03 -5.000000000000000104e-03
2.727479212296008999e-03 2.393708797402381572e-03 -5.000000000000000104e-03
3.827425212296009082e-03 2.240654797402381881e-03 -5.000000000000000104e-03
2.448402512296009130e-03 2.190945797402381670e-03 -5.000000000000000104e-03
3.557898212296009208e-03 1.882727797402381810e-03 -5.000000000000000104e-03
2.133273612296009234e-03 2.050643797402381969e-03 -5.000000000000000104e-03
2.133278712296009239e-03 2.050644797402381876e-03 -8.000000000000000167e-03
2.448408612296009042e-03 2.190949797402382167e-03 -8.000000000000000167e-03
1.795882712296009015e-03 1.978927797402382088e-03 -5.000000000000000104e-03
1.450925712296009112e-03 1.978927797402382088e-03 -5.000000000000000104e-03
1.795870012296009021e-03 1.978926797402381747e-03 -8.000000000000000167e-03
-5.034187877039908443e-04 2.124353797402381804e-03 -5.000000000000000104e-03
1.113534812296008893e-03 2.050643797402381969e-03 -5.000000000000000104e-03
1.450938412296009106e-03 1.978926797402381747e-03 -8.000000000000000167e-03
7.984059122960091058e-04 2.190945797402381670e-03 -5.000000000000000104e-03
1.113529712296008889e-03 2.050644797402381876e-03 -8.000000000000000167e-03
-7.286037877039909863e-04 2.511711797402381777e-03 -5.000000000000000104e-03
5.193292122960091288e-04 2.393708797402381572e-03 -5.000000000000000104e-03
7.983998122960090857e-04 2.190949797402382167e-03 -8.000000000000000167e-03
2.885362122960091584e-04 2.650030097402382000e-03 -5.000000000000000104e-03
5.193362122960089138e-04 2.393702797402382128e-03 -8.000000000000000167e-03
-8.839417877039910769e-04 2.931983097402382152e-03 -5.000000000000000104e-03
1.160552122960090051e-04 2.948772097402381845e-03 -5.000000000000000104e-03
2.856205212296009446e-03 1.330740797402381933e-03 -5.000000000000000104e-03
3.230921212296009211e-03 1.576390797402381968e-03 -5.000000000000000104e-03
3.394922212296008768e-03 5.522970797402382281e-03 -5.000000000000000104e-03
9.005621229600914782e-05 5.719613797402382099e-03 -5.000000000000000104e-03
3.041874212296008864e-03 5.798865797402382241e-03 -5.000000000000000104e-03
4.733212122960089689e-04 5.951692797402381718e-03 -5.000000000000000104e-03
2.646701212296008899e-03 6.010047797402382104e-03 -5.000000000000000104e-03
8.907411122960089871e-04 6.114523797402382152e-03 -5.000000000000000104e-03
2.221136812296008959e-03 6.150246797402381810e-03 -5.000000000000000104e-03
1.329922612296009126e-03 6.203271797402381757e-03 -5.000000000000000104e-03
1.777821912296009095e-03 6.215298797402382149e-03 -5.000000000000000104e-03
1.329922612296009126e-03 6.203271797402381757e-03 -7.000000000000000146e-03
-3.431322787703991115e-03 -5.880111202597617867e-03 -5.700000000000000205e-03
-2.334043787703990631e-03 1.019888797402381583e-03 -1.800000000000000168e-03
-2.334043787703990631e-03 1.019888797402381583e-03 -2.999999999999999737e-04
-3.622153787703990928e-03 -7.080111202597617545e-03 -5.700000000000000205e-03
-2.076595787703991100e-03 -7.059641202597617682e-03 -2.999999999999999737e-04
-1.785436787703990631e-03 -5.880111202597617867e-03 -5.900000000000000730e-03
-1.812545787703991051e-03 -5.880111202597617867e-03 -6.103515000000000329e-03
-2.609448787703991766e-03 -5.880111202597617867e-03 -6.700000000000000226e-03
-2.499928787703990796e-03 -5.880111202597617867e-03 -6.692902000000000573e-03
-2.392495787703991135e-03 -5.880111202597617867e-03 -6.671772999999999766e-03
-2.289145787703990818e-03 -5.880111202597617867e-03 -6.637088000000000189e-03
-2.191746787703991069e-03 -5.880111202597617867e-03 -6.589597999999999463e-03
-2.102013787703990808e-03 -5.880111202597617867e-03 -6.530315000000000078e-03
-2.021444787703990855e-03 -5.880111202597617867e-03 -6.460453000000000549e-03
-1.892580787703991053e-03 -5.880111202597617867e-03 -6.294481000000000208e-03
-3.876595787703990617e-03 -8.680111202597618272e-03 -5.000000000000000104e-03
-2.076595787703991100e-03 -1.338011120259761932e-02 -5.000000000000000104e-03
-2.476595787703990414e-03 -1.407293120259761957e-02 -5.000000000000000104e-03
-2.076595787703991100e-03 -1.338011120259761932e-02 -2.999999999999999737e-04
-2.476595787703990414e-03 -1.438011120259762021e-02 -5.000000000000000104e-03
-2.476595787703990414e-03 -1.407293120259761957e-02 -2.999999999999999737e-04
-2.081647787703990848e-03 -7.080111202597617545e-03 -5.000000000000000104e-03
-2.076595787703991100e-03 -7.059641202597617682e-03 -5.000000000000000104e-03
-3.622153787703990928e-03 -7.080111202597617545e-03 -5.000000000000000104e-03
-2.081647787703990848e-03 -7.080111202597617545e-03 -5.900000000000000730e-03
-2.108757787703991176e-03 -7.080111202597617545e-03 -6.103515000000000329e-03
-2.905659787703991116e-03 -7.080111202597617545e-03 -6.700000000000000226e-03
-2.188791787703991271e-03 -7.080111202597617545e-03 -6.294481000000000208e-03
-2.317655787703990639e-03 -7.080111202597617545e-03 -6.460453000000000549e-03
-2.398224787703990592e-03 -7.080111202597617545e-03 -6.530315000000000078e-03
-2.487957787703990419e-03 -7.080111202597617545e-03 -6.589597999999999463e-03
-2.585356787703991036e-03 -7.080111202597617545e-03 -6.637088000000000189e-03
-2.688706787703990485e-03 -7.080111202597617545e-03 -6.671772999999999766e-03
-2.796139787703991013e-03 -7.080111202597617545e-03 -6.692902000000000573e-03
-3.876595787703990617e-03 -1.438011120259762021e-02 -5.000000000000000104e-03
-3.876595787703990617e-03 -8.680111202597618272e-03 -2.999999999999999737e-04
-2.476595787703990414e-03 -1.463893120259762010e-02 -4.965924000000000033e-03
-3.876595787703990617e-03 -1.438011120259762021e-02 -2.999999999999999737e-04
-3.876595787703990617e-03 -1.463893120259762010e-02 -4.965924000000000033e-03
-8.222178770399095338e-05 1.019888797402381583e-03 -2.999999999999999737e-04
-3.293877877039910057e-04 1.857879740238196908e-05 -5.999999999999999474e-04
-2.476595787703990414e-03 -1.438011120259762021e-02 -2.999999999999999737e-04
-2.476595787703990414e-03 -1.463893120259762010e-02 -3.340757999999999770e-04
-2.476595787703990414e-03 -1.538011120259761763e-02 -4.000000000000000083e-03
-2.476595787703990414e-03 -1.538011120259761763e-02 -1.300000000000000157e-03
-2.476595787703990414e-03 -1.534603120259761880e-02 -1.041177000000000118e-03
-2.476595787703990414e-03 -1.534603120259761880e-02 -4.258822999999999255e-03
-2.476595787703990414e-03 -1.488011120259761719e-02 -4.866027000000000199e-03
-2.476595787703990414e-03 -1.508722120259761712e-02 -4.707106999999999437e-03
-2.476595787703990414e-03 -1.524614120259761701e-02 -4.499996000000000031e-03
-2.476595787703990414e-03 -1.524614120259761701e-02 -8.000041000000000270e-04
-2.476595787703990414e-03 -1.508722120259761712e-02 -5.928932000000000039e-04
-2.476595787703990414e-03 -1.488011120259761719e-02 -4.339728000000000270e-04
-3.876595787703990617e-03 -1.463893120259762010e-02 -3.340757999999999770e-04
1.984314512296009043e-03 1.805434797402381830e-03 -1.800000000000000168e-03
1.623404212296009064e-03 1.019888797402381583e-03 -1.800000000000000168e-03
2.068408412296009278e-03 1.058254797402381764e-03 -1.800000000000000168e-03
-2.034787877039910022e-04 1.769888797402381815e-03 -1.800000000000000168e-03
-2.265947877039908940e-04 3.619888797402381897e-03 -1.800000000000000168e-03
-1.910467877039910643e-04 3.980811497402382201e-03 -1.800000000000000168e-03
-2.677297877039909804e-04 5.404156797402382209e-03 -1.800000000000000168e-03
-8.577078770399099682e-05 4.327858597402381435e-03 -1.800000000000000168e-03
8.518321229600907436e-05 4.647690797402382300e-03 -1.800000000000000168e-03
6.556121229600890207e-05 5.701504797402381572e-03 -1.800000000000000168e-03
3.152522122960091377e-04 4.928031797402382223e-03 -1.800000000000000168e-03
5.955982122960090316e-04 5.158105797402381607e-03 -1.800000000000000168e-03
4.448292122960092153e-04 5.937421797402381990e-03 -1.800000000000000168e-03
9.154440122960090043e-04 5.329066797402382330e-03 -1.800000000000000168e-03
8.588781122960090653e-04 6.104943797402381800e-03 -1.800000000000000168e-03
1.262493912296009085e-03 5.434342797402381964e-03 -1.800000000000000168e-03
1.295489712296008997e-03 6.199127797402382428e-03 -1.800000000000000168e-03
1.741778812296009135e-03 6.217192797402381829e-03 -1.800000000000000168e-03
3.473403212296008805e-03 3.619888797402381897e-03 -1.800000000000000168e-03
3.437855212296008975e-03 3.258966097402382026e-03 -1.800000000000000168e-03
3.332579212296009341e-03 2.911918997402381925e-03 -1.800000000000000168e-03
3.161625212296009270e-03 2.592086797402381494e-03 -1.800000000000000168e-03
2.931556212296008990e-03 2.311745797402381571e-03 -1.800000000000000168e-03
2.651210212296009096e-03 2.081671797402382187e-03 -1.800000000000000168e-03
2.331364412296009232e-03 1.910710797402381681e-03 -1.800000000000000168e-03
2.184575612296009266e-03 6.158606797402381601e-03 -1.800000000000000168e-03
2.610810712296009369e-03 6.025097797402382063e-03 -1.800000000000000168e-03
3.007905212296008851e-03 5.820605797402381501e-03 -1.800000000000000168e-03
3.364140212296009170e-03 5.551167797402382052e-03 -1.800000000000000168e-03
3.593817212296008916e-03 1.923576797402381730e-03 -1.800000000000000168e-03
3.274407212296008909e-03 1.611359797402382114e-03 -1.800000000000000168e-03
2.906274212296009254e-03 1.358418797402381663e-03 -1.800000000000000168e-03
2.500280112296008987e-03 1.172218797402382016e-03 -1.800000000000000168e-03
-2.613977877039910282e-04 1.739707974023818257e-04 -5.999999999999999474e-04
5.346212296008937340e-06 3.755037974023820932e-04 -5.999999999999999474e-04
-1.453677877039909888e-04 2.976917974023816395e-04 -5.999999999999999474e-04
-2.034787877039910022e-04 1.769888797402381815e-03 -5.999999999999999474e-04
-4.176595787703990537e-03 -7.080111202597617545e-03 -5.700000000000000205e-03
-4.176595787703990537e-03 -5.880111202597617867e-03 -5.700000000000000205e-03
-4.176595787703990537e-03 -5.880111202597617867e-03 -6.700000000000000226e-03
-4.176595787703990537e-03 -7.080111202597617545e-03 -6.700000000000000226e-03
-3.876595787703990617e-03 -1.538011120259761763e-02 -4.000000000000000083e-03
-3.876595787703990617e-03 -1.538011120259761763e-02 -1.300000000000000157e-03
-3.876595787703990617e-03 -1.534603120259761880e-02 -4.258822999999999255e-03
-3.876595787703990617e-03 -1.534603120259761880e-02 -1.041177000000000118e-03
-3.876595787703990617e-03 -1.488011120259761719e-02 -4.866027000000000199e-03
-3.876595787703990617e-03 -1.488011120259761719e-02 -4.339728000000000270e-04
-3.876595787703990617e-03 -1.508722120259761712e-02 -4.707106999999999437e-03
-3.876595787703990617e-03 -1.508722120259761712e-02 -5.928932000000000039e-04
-3.876595787703990617e-03 -1.524614120259761701e-02 -4.499996000000000031e-03
-3.876595787703990617e-03 -1.524614120259761701e-02 -8.000041000000000270e-04
-5.765957877039910688e-04 1.241988879740238243e-02 -7.000000000000000146e-03
2.891513212296008967e-03 9.370414797402380758e-03 -7.000000000000000146e-03
2.923404212296009004e-03 9.119888797402381578e-03 -7.000000000000000146e-03
2.923404212296009004e-03 9.119888797402381578e-03 -3.299999999999999982e-03
2.923404212296009004e-03 7.487704797402381512e-03 -7.000000000000000146e-03
1.993985012296009031e-03 1.017940779740238166e-02 -7.000000000000000146e-03
2.797882212296008697e-03 9.604952797402383641e-03 -7.000000000000000146e-03
2.889328212296008933e-03 9.378712797402381091e-03 -3.299999999999999982e-03
1.798339512296009144e-03 1.033908679740238104e-02 -7.000000000000000146e-03
2.648468212296009074e-03 9.808569797402381593e-03 -7.000000000000000146e-03
2.789429212296009285e-03 9.619888797402382022e-03 -3.299999999999999982e-03
2.223404212296008903e-03 1.007382779740238245e-02 -7.000000000000000146e-03
2.452823212296009140e-03 9.968248797402382705e-03 -7.000000000000000146e-03
2.630514212296008927e-03 9.826991797402382170e-03 -3.299999999999999982e-03
2.423404212296008994e-03 9.985913797402382747e-03 -3.299999999999999982e-03
2.223404212296008903e-03 1.007382779740238245e-02 -5.799999999999999600e-03
1.993985012296009031e-03 1.017940779740238166e-02 -5.799999999999999600e-03
1.648925542296008967e-03 1.054270379740238073e-02 -7.000000000000000146e-03
1.798339512296009144e-03 1.033908679740238104e-02 -5.799999999999999600e-03
1.555294842296009016e-03 1.077724179740238188e-02 -7.000000000000000146e-03
1.648925542296008967e-03 1.054270379740238073e-02 -5.799999999999999600e-03
1.523404212296009018e-03 1.102776679740238158e-02 -7.000000000000000146e-03
1.555294842296009016e-03 1.077724179740238188e-02 -5.799999999999999600e-03
1.523404212296009018e-03 1.241988879740238243e-02 -7.000000000000000146e-03
1.523404212296009018e-03 1.311988879740238166e-02 -5.799999999999999600e-03
1.523404212296009018e-03 1.102776679740238158e-02 -5.799999999999999600e-03
1.523404212296009018e-03 1.241988879740238243e-02 -9.300000000000000974e-03
3.054177212296009265e-03 6.993291797402382409e-03 -7.000000000000000146e-03
-5.765957877039910688e-04 1.311988879740238166e-02 -5.799999999999999600e-03
2.956651212296009142e-03 7.231991797402382086e-03 -7.000000000000000146e-03
-5.765957877039910688e-04 1.241988879740238243e-02 -8.000000000000000167e-03
1.608449322296008968e-03 8.504670797402382604e-03 -3.299999999999999982e-03
1.572531592296008956e-03 8.519000797402382502e-03 -3.299999999999999982e-03
1.608449322296008968e-03 8.504670797402382604e-03 -5.799999999999999600e-03
9.383591122960091265e-04 8.522888797402381270e-03 -3.299999999999999982e-03
9.742768122960090418e-04 8.508557797402381898e-03 -3.299999999999999982e-03
9.742768122960090418e-04 8.508557797402381898e-03 -5.799999999999999600e-03
1.572531592296008956e-03 8.519000797402382502e-03 -5.799999999999999600e-03
9.234042122960090708e-04 8.558550797402381810e-03 -3.299999999999999982e-03
9.383591122960091265e-04 8.522888797402381270e-03 -5.799999999999999600e-03
9.234042122960090708e-04 9.119888797402381578e-03 -3.299999999999999982e-03
9.234042122960090708e-04 9.119888797402381578e-03 -5.799999999999999600e-03
9.234042122960090708e-04 8.558550797402381810e-03 -5.799999999999999600e-03
9.574801122960089998e-04 9.378712797402381091e-03 -3.299999999999999982e-03
1.057379312296009150e-03 9.619888797402382022e-03 -3.299999999999999982e-03
9.590834122960089714e-04 9.384623797402381895e-03 -5.799999999999999600e-03
9.323645122960089789e-04 9.253455797402380945e-03 -5.799999999999999600e-03
1.216293912296009154e-03 9.826991797402382170e-03 -3.299999999999999982e-03
1.063568412296008944e-03 9.630457797402382225e-03 -5.799999999999999600e-03
1.003080912296009080e-03 9.511045797402382929e-03 -5.799999999999999600e-03
1.423404212296008973e-03 9.985913797402382747e-03 -3.299999999999999982e-03
1.229407212296008967e-03 9.839866797402382903e-03 -5.799999999999999600e-03
1.139463112296009144e-03 9.740723797402381715e-03 -5.799999999999999600e-03
2.182218012296009355e-03 1.008581579740238168e-02 -3.299999999999999982e-03
1.664590382296009165e-03 1.008581579740238168e-02 -3.299999999999999982e-03
1.444777612296008987e-03 9.997906797402381085e-03 -5.799999999999999600e-03
1.331791512296009138e-03 9.926110797402382113e-03 -5.799999999999999600e-03
1.923404212296008983e-03 1.011988779740238126e-02 -3.299999999999999982e-03
1.694292592296009134e-03 1.009328879740238258e-02 -5.799999999999999600e-03
1.566336572296008964e-03 1.005396679740238122e-02 -5.799999999999999600e-03
1.960153212296008966e-03 1.011921279740238266e-02 -5.799999999999999600e-03
1.826352812296009155e-03 1.011516779740238153e-02 -5.799999999999999600e-03
2.093298312296008878e-03 1.010535079740238276e-02 -5.799999999999999600e-03
-4.931567877039908128e-04 2.109865797402381803e-03 -1.800000000000000168e-03
-5.452107877039909754e-04 5.054151797402381754e-03 -1.800000000000000168e-03
-7.203727877039913831e-04 2.494407797402381673e-03 -1.800000000000000168e-03
-7.586907877039912422e-04 4.661820797402382519e-03 -1.800000000000000168e-03
-8.784207877039909920e-04 2.912164697402382010e-03 -1.800000000000000168e-03
-9.018727877039911869e-04 4.238739197402381816e-03 -1.800000000000000168e-03
-9.626347877039909823e-04 3.350808497402381694e-03 -1.800000000000000168e-03
-9.705297877039909329e-04 3.797393397402381871e-03 -1.800000000000000168e-03
3.669003212296009439e-03 5.224732797402382133e-03 -1.800000000000000168e-03
3.855075212296009239e-03 2.285855797402381803e-03 -1.800000000000000168e-03
3.913497212296009053e-03 4.850935797402381768e-03 -1.800000000000000168e-03
4.050472212296008304e-03 2.687505197402381956e-03 -1.800000000000000168e-03
4.090405212296008980e-03 4.440807297402381976e-03 -1.800000000000000168e-03
4.174241212296009307e-03 3.116670997402381810e-03 -1.800000000000000168e-03
4.194507212296008994e-03 4.006451797402382255e-03 -1.800000000000000168e-03
4.222730212296008957e-03 3.560687917402381806e-03 -1.800000000000000168e-03
1.485342012296009002e-03 1.331123479740238189e-02 -5.799999999999999600e-03
1.485342012296009002e-03 1.331123479740238189e-02 -9.300000000000000974e-03
1.523404212296009018e-03 1.311988879740238166e-02 -9.300000000000000974e-03
-5.385337877039909037e-04 1.331123479740238189e-02 -5.799999999999999600e-03
-5.765957877039910688e-04 1.311988879740238166e-02 -8.000000000000000167e-03
1.376957212296009165e-03 1.347344179740238117e-02 -5.799999999999999600e-03
-4.301487877039909986e-04 1.347344179740238117e-02 -5.799999999999999600e-03
-4.923767877039911083e-04 1.339760479740238243e-02 -8.000000000000000167e-03
-5.670497877039910352e-04 1.321712679740238289e-02 -8.000000000000000167e-03
-5.385787877039910701e-04 1.331112579740238201e-02 -8.000000000000000167e-03
1.214749912296008913e-03 1.358182679740238194e-02 -5.799999999999999600e-03
-2.679417877039908490e-04 1.358182679740238194e-02 -5.799999999999999600e-03
-4.301477877039906576e-04 1.347344379740238185e-02 -8.000000000000000167e-03
1.023404212296009225e-03 1.361988879740238211e-02 -5.799999999999999600e-03
-7.659578770399084156e-05 1.361988879740238211e-02 -5.799999999999999600e-03
-2.678287877039909129e-04 1.358187379740238322e-02 -8.000000000000000167e-03
-3.543077877039908959e-04 1.353567279740238230e-02 -8.000000000000000167e-03
-7.659578770399084156e-05 1.361988879740238211e-02 -8.000000000000000167e-03
-1.738277877039908891e-04 1.361034379740238241e-02 -8.000000000000000167e-03
1.023404212296009225e-03 1.361988879740238211e-02 -9.300000000000000974e-03
1.214749912296008913e-03 1.358182679740238194e-02 -9.300000000000000974e-03
1.376957212296009165e-03 1.347344179740238117e-02 -9.300000000000000974e-03
-5.993417877039907728e-04 1.311988879740238166e-02 -8.114587000000001230e-03
-5.994317877039911056e-04 1.241988879740238243e-02 -8.114805000000000976e-03
-2.199947877039910588e-04 1.361988879740238211e-02 -8.108116999999999755e-03
-2.298167877039908845e-04 1.361988879740238211e-02 -8.115083000000000366e-03
-3.454487877039909456e-04 1.361988879740238211e-02 -8.189814000000000122e-03
-3.499087877039909131e-04 1.356549379740238336e-02 -8.114587000000001230e-03
-2.876595787703991464e-03 1.361988879740238211e-02 -9.300000000000000974e-03
-3.911137877039908006e-04 1.361988879740238211e-02 -8.214927999999999814e-03
-5.451317877039909242e-04 1.361988879740238211e-02 -8.277183000000000457e-03
-4.991247877039911053e-04 1.352849579740238173e-02 -8.212049000000000779e-03
-7.010957877039911135e-04 1.361988879740238211e-02 -8.300000000000000086e-03
-6.624127877039912536e-04 1.347528979740238338e-02 -8.277164000000001784e-03
-2.510570787703991606e-03 1.361988879740238211e-02 -8.300000000000000086e-03
-7.969817877039910015e-04 1.346780279740238118e-02 -8.300000000000000086e-03
-2.876595787703991464e-03 1.361988879740238211e-02 -8.511325000000000141e-03
-3.043871787703991520e-03 1.359107479740238184e-02 -8.607901999999998874e-03
-2.510570787703991606e-03 1.241988879740238243e-02 -8.300000000000000086e-03
-8.765957877039909883e-04 1.241988879740238243e-02 -8.300000000000000086e-03
-8.765957877039909883e-04 1.311988879740238166e-02 -8.300000000000000086e-03
-3.376595787703991040e-03 1.241988879740238243e-02 -8.800000000000000530e-03
-3.376595787703991040e-03 1.311988879740238166e-02 -8.800000000000000530e-03
-8.565227877039911959e-04 1.329797379740238136e-02 -8.300000000000000086e-03
-3.355925787703991497e-03 1.326216879740238150e-02 -8.788066000000000627e-03
-3.187573787703991413e-03 1.351141279740238239e-02 -8.690868000000000898e-03
-3.293111787703991052e-03 1.339650279740238308e-02 -8.751801000000000025e-03
-3.067941787703991688e-03 1.358182679740238194e-02 -9.300000000000000974e-03
-3.376595787703991040e-03 1.241988879740238243e-02 -9.300000000000000974e-03
-7.617907877039910465e-04 1.241988879740238243e-02 -8.277164000000001784e-03
-6.644637877039911295e-04 1.241988879740238243e-02 -8.212132000000000459e-03
-7.617907877039910465e-04 1.311988879740238166e-02 -8.277164000000001784e-03
-6.643807877039910152e-04 1.311988879740238166e-02 -8.212049000000000779e-03
-3.230148787703990970e-03 1.347344179740238117e-02 -9.300000000000000974e-03
-3.338533787703990875e-03 1.331123479740238189e-02 -9.300000000000000974e-03
-3.376595787703991040e-03 1.311988879740238166e-02 -9.300000000000000974e-03
-7.364787877039910557e-04 1.330440579740238202e-02 -8.277164000000001784e-03
-5.824177877039910141e-04 1.325182679740238151e-02 -8.114587000000001230e-03
-5.327407877039908729e-04 1.337522179740238161e-02 -8.114587000000001230e-03
-4.535277877039905862e-04 1.348208379740238258e-02 -8.114587000000001230e-03
-6.451927877039911711e-04 1.326884679740238278e-02 -8.212049000000000779e-03
-5.888817877039913100e-04 1.340807879740238233e-02 -8.212049000000000779e-03
